>AGNACAGNCTGTTCTN	ARE(NR)/LNCAP-AR-ChIP-Seq(GSE27824)/Homer,BestGuess:ARE(NR)/LNCAP-AR-ChIP-Seq(GSE27824)/Homer(1.000)	7.778994	-1.055434e+04	0	50001.0,9390.0,9296.7,7639.0,0.00e+00
0.467467467467467	0.001001001001001	0.427427427427427	0.104104104104104
0.054	0.001	0.923	0.022
0.39	0.201	0.276	0.133
0.89	0.026	0.039	0.045
0.001	0.988	0.01	0.001
0.832	0.001	0.043	0.124
0.096	0.291	0.414	0.199
0.262	0.233	0.243	0.262
0.203	0.409	0.292	0.096
0.123	0.046	0.001	0.83
0.001	0.011	0.987	0.001
0.047047047047047	0.042042042042042	0.018018018018018	0.892892892892893
0.127	0.268	0.198	0.407
0.011	0.944	0.001	0.044
0.102102102102102	0.411411411411411	0.001001001001001	0.485485485485485
0.143856143856144	0.260739260739261	0.23976023976024	0.355644355644356
