>CTTGGCANNNTGCCAA	NF1(CTF)/LNCAP-NF1-ChIP-Seq(Unpublished)/Homer,BestGuess:NF1(CTF)/LNCAP-NF1-ChIP-Seq(Unpublished)/Homer(1.000)	7.598341	-1.324803e+04	0	50000.0,14301.0,12622.8,10808.0,0.00e+00
0.113	0.473	0.201	0.213
0.0669330669330669	0.425574425574426	0.037962037962038	0.46953046953047
0.056	0.003	0.158	0.783
0.001	0.001	0.995	0.003
0.018981018981019	0.003996003996004	0.963036963036963	0.013986013986014
0.164	0.782	0.043	0.011
0.506	0.186	0.033	0.275
0.179	0.356	0.257	0.208
0.262262262262262	0.222222222222222	0.211211211211211	0.304304304304304
0.18	0.271	0.352	0.197
0.264	0.029	0.194	0.513
0.008	0.053	0.784	0.155
0.016	0.96	0.005	0.019
0.005	0.993	0.001	0.001
0.784	0.155	0.003	0.058
0.442	0.064	0.421	0.073
