>TGACCTTTGCCCCA	PPARE(NR),DR1/3T3L1-Pparg-ChIP-Seq(GSE13511)/Homer,BestGuess:PPARE(NR),DR1/3T3L1-Pparg-ChIP-Seq(GSE13511)/Homer(1.000)	6.968824	-3.087186e+03	0	50000.0,6530.0,7756.8,3908.0,0.00e+00
0.084	0.043	0.06	0.813
0.092	0.128	0.718	0.062
0.61	0.245	0.106	0.039
0.109	0.847	0.009	0.035
0.026	0.916	0.001	0.057
0.006	0.112	0.002	0.88
0.027	0.267	0.038	0.668
0.013986013986014	0.014985014985015	0.01998001998002	0.951048951048951
0.07	0.165	0.69	0.075
0.233	0.495	0.135	0.137
0.027	0.827	0.017	0.129
0.108	0.788	0.002	0.102
0.069	0.598	0.016	0.317
0.654	0.129	0.1	0.117
