>GGAGCTGTCCATGGTGCTGA	REST-NRSF(Zf)/Jurkat-NRSF-ChIP-Seq/Homer,BestGuess:REST-NRSF(Zf)/Jurkat-NRSF-ChIP-Seq/Homer(1.000)	12.268316	-6.591589e+03	0	14999.0,4244.0,1558.5,1549.0,0.00e+00
0.112	0.019	0.771	0.098
0.0619380619380619	0.12987012987013	0.715284715284715	0.0929070929070929
0.447552447552447	0.302697302697303	0.036963036963037	0.212787212787213
0.108	0.066	0.717	0.109
0.006	0.966	0.007	0.021
0.002	0.002	0.001	0.995
0.048	0.121	0.822	0.009
0.038	0.014	0.065	0.883
0.001	0.985	0.001	0.013
0.001	0.98	0.001	0.018
0.578421578421578	0.0799200799200799	0.211788211788212	0.12987012987013
0.165	0.086	0.125	0.624
0.041041041041041	0.00800800800800801	0.931931931931932	0.019019019019019
0.001	0.002	0.996	0.001
0.002	0.003	0.001	0.994
0.066	0.159	0.701	0.074
0.01	0.953	0.014	0.023
0.012	0.02	0.01	0.958
0.04	0.013	0.914	0.033
0.761	0.075	0.135	0.029
