>CGGTTGCCATGGCAAC	RFX(HTH)/K562-RFX3-ChIP-Seq(SRA012198)/Homer,BestGuess:RFX(HTH)/K562-RFX3-ChIP-Seq(SRA012198)/Homer(1.000)	8.570807	-5.041186e+03	0	49999.6,1625.0,1852.4,1701.0,0.00e+00
0.09	0.564	0.152	0.194
0.133	0.217	0.437	0.213
0.034	0.004	0.951	0.011
0.012012012012012	0.035035035035035	0.028028028028028	0.924924924924925
0.052	0.172	0.018	0.758
0.123	0.062	0.693	0.122
0.003	0.905	0.005	0.087
0.001	0.874	0.002	0.123
0.79	0.076	0.05	0.084
0.0839160839160839	0.0499500499500499	0.0849150849150849	0.781218781218781
0.106893106893107	0.001998001998002	0.89010989010989	0.000999000999000999
0.0890890890890891	0.005005005005005	0.901901901901902	0.004004004004004
0.119	0.693	0.061	0.127
0.738	0.018	0.19	0.054
0.916	0.025	0.044	0.015
0.011	0.94	0.006	0.043
