>TAGGGCAAAGGTCA	RXR(NR),DR1/3T3L1-RXR-ChIP-Seq(GSE13511)/Homer,BestGuess:RXR(NR),DR1/3T3L1-RXR-ChIP-Seq(GSE13511)/Homer(1.000)	6.641182	-2.545959e+03	0	49998.4,7850.0,8696.3,4154.0,0.00e+00
0.107	0.233	0.178	0.482
0.58	0.027	0.32	0.073
0.089	0.005	0.845	0.061
0.122	0.012	0.851	0.015
0.108891108891109	0.12987012987013	0.597402597402597	0.163836163836164
0.064	0.74	0.159	0.037
0.95	0.023	0.015	0.012
0.635635635635636	0.044044044044044	0.298298298298298	0.022022022022022
0.876	0.003	0.101	0.02
0.036	0.003	0.944	0.017
0.025974025974026	0.00799200799200799	0.892107892107892	0.0739260739260739
0.031	0.134	0.244	0.591
0.06	0.761	0.111	0.068
0.87	0.043	0.048	0.039
